symmetry_operations: 
[[1. 0. 0. 0.]
 [0. 1. 0. 0.]
 [0. 0. 1. 0.]
 [0. 0. 0. 1.]]
[[-1.00000000e+00  0.00000000e+00  0.00000000e+00  0.00000000e+00]
 [ 0.00000000e+00 -1.00000000e+00  0.00000000e+00  0.00000000e+00]
 [ 0.00000000e+00  0.00000000e+00 -1.00000000e+00  2.22044605e-16]
 [ 0.00000000e+00  0.00000000e+00  0.00000000e+00  1.00000000e+00]]
[[-1.   0.   0.   0. ]
 [ 0.   1.   0.   0.5]
 [ 0.   0.  -1.   0.5]
 [ 0.   0.   0.   1. ]]
[[ 1.   0.   0.   0. ]
 [ 0.  -1.   0.   0.5]
 [ 0.   0.   1.   0.5]
 [ 0.   0.   0.   1. ]]

symmetry_operations_inverses: 
[[-1.  -0.  -0.  -0. ]
 [ 0.   1.   0.  -0.5]
 [-0.  -0.  -1.   0.5]
 [ 0.   0.   0.   1. ]]
[[ 1.   0.   0.   0. ]
 [-0.  -1.  -0.   0.5]
 [ 0.   0.   1.  -0.5]
 [ 0.   0.   0.   1. ]]

